Date  Price  Open  High  Low  Change %
Apr 18, 2019  1.7379  1.7407  1.7431  1.7366  -0.14%
Apr 17, 2019  1.7404  1.7423  1.7452  1.7315  -0.10%
Apr 16, 2019  1.7422  1.7507  1.7542  1.7412  -0.48%
Apr 15, 2019  1.7506  1.7421  1.7552  1.7414  0.31%
Apr 14, 2019  1.7452  1.7420  1.7459  1.7418  0.13%
Apr 12, 2019  1.7430  1.7480  1.7500  1.7411  -0.26%
Apr 11, 2019  1.7476  1.7442  1.7527  1.7416  0.19%
Apr 10, 2019  1.7442  1.7412  1.7474  1.7384  0.20%
Apr 09, 2019  1.7408  1.7392  1.7453  1.7336  0.07%
Apr 08, 2019  1.7395  1.7457  1.7500  1.7357  -0.24%
Apr 07, 2019  1.7436  1.7457  1.7463  1.7430  -0.08%
Apr 05, 2019  1.7450  1.7472  1.7531  1.7386  -0.13%
Apr 04, 2019  1.7472  1.7562  1.7621  1.7435  -0.52%
Apr 03, 2019  1.7564  1.7514  1.7575  1.7483  0.27%
Apr 02, 2019  1.7517  1.7431  1.7543  1.7326  0.47%
Apr 01, 2019  1.7435  1.7398  1.7553  1.7368  0.30%
Mar 31, 2019  1.7384  1.7399  1.7428  1.7370  -0.06%
Mar 29, 2019  1.7394  1.7531  1.7637  1.7340  -0.80%
Mar 28, 2019  1.7534  1.7688  1.7725  1.7518  -0.87%
Mar 27, 2019  1.7688  1.7676  1.7795  1.7639  0.06%
Mar 26, 2019  1.7678  1.7685  1.7782  1.7621  -0.11%
Mar 25, 2019  1.7698  1.7740  1.7798  1.7649  -0.18%
Mar 24, 2019  1.7730  1.7725  1.7782  1.7717  -0.06%
Mar 22, 2019  1.7741  1.7514  1.7752  1.7496  1.30%
Mar 21, 2019  1.7513  1.7561  1.7595  1.7420  -0.26%
Mar 20, 2019  1.7558  1.7668  1.7695  1.7515  -0.66%
Mar 19, 2019  1.7675  1.7678  1.7721  1.7556  -0.02%
Mar 18, 2019  1.7678  1.7735  1.7756  1.7603  -0.38%
Mar 17, 2019  1.7745  1.7732  1.7759  1.7723  0.10%
Mar 15, 2019  1.7727  1.7658  1.7755  1.7553  0.39%
Mar 14, 2019  1.7658  1.7741  1.7752  1.7602  -0.52%
Mar 13, 2019  1.7751  1.7462  1.7804  1.7441  1.67%
Mar 12, 2019  1.7459  1.7614  1.7799  1.7431  -0.89%
Mar 11, 2019  1.7616  1.7473  1.7671  1.7380  1.04%
Mar 10, 2019  1.7435  1.7454  1.7483  1.7382  -0.16%
Mar 08, 2019  1.7463  1.7607  1.7644  1.7421  -0.81%
Mar 07, 2019  1.7606  1.7702  1.7729  1.7568  -0.55%
Mar 06, 2019  1.7703  1.7586  1.7719  1.7536  0.65%
Mar 05, 2019  1.7589  1.7546  1.7610  1.7484  0.24%
Mar 04, 2019  1.7547  1.7555  1.7648  1.7525  -0.24%
Mar 03, 2019  1.7590  1.7548  1.7646  1.7536  0.20%
Mar 01, 2019  1.7555  1.7469  1.7588  1.7352  0.52%
Feb 28, 2019  1.7465  1.7510  1.7556  1.7429  -0.27%
Feb 27, 2019  1.7512  1.7450  1.7547  1.7415  0.36%
Feb 26, 2019  1.7450  1.7264  1.7523  1.7264  1.01%
Feb 25, 2019  1.7276  1.7640  1.7640  1.7139  0.69%
Feb 24, 2019  1.7157  1.7139  1.7638  1.7139  0.05%
Feb 22, 2019  1.7148  1.7260  1.7275  1.7130  -0.71%
Feb 21, 2019  1.7270  1.7197  1.7271  1.7159  0.44%
Feb 20, 2019  1.7195  1.7256  1.7273  1.7150  -0.35%
Feb 19, 2019  1.7255  1.7110  1.7301  1.7090  0.84%
Feb 18, 2019  1.7111  1.7070  1.7235  1.7057  0.11%
Feb 17, 2019  1.7093  1.7076  1.7157  1.7069  0.13%
Feb 15, 2019  1.7071  1.7025  1.7094  1.6980  0.19%
Feb 14, 2019  1.7038  1.7028  1.7086  1.6972  0.06%
Feb 13, 2019  1.7027  1.7066  1.7146  1.7005  -0.22%
Feb 12, 2019  1.7065  1.7095  1.7146  1.7033  -0.19%
Feb 11, 2019  1.7098  1.7215  1.7220  1.7073  -0.50%
Feb 10, 2019  1.7184  1.7179  1.7221  1.7153  -0.05%
Feb 08, 2019  1.7192  1.7240  1.7277  1.7147  -0.26%
Feb 07, 2019  1.7237  1.7090  1.7284  1.7040  0.85%
Feb 06, 2019  1.7091  1.6997  1.7118  1.6981  0.59%
Feb 05, 2019  1.6990  1.7091  1.7122  1.6982  -0.60%
Feb 04, 2019  1.7093  1.7174  1.7220  1.7071  -0.25%
Feb 03, 2019  1.7135  1.7138  1.7176  1.7108  0.00%
Feb 01, 2019  1.7135  1.7200  1.7253  1.7085  -0.38%
Jan 31, 2019  1.7201  1.7247  1.7298  1.7196  -0.27%
Jan 30, 2019  1.7247  1.7335  1.7383  1.7214  -0.54%
Jan 29, 2019  1.7340  1.7456  1.7502  1.7335  -0.63%
Jan 28, 2019  1.7450  1.7440  1.7501  1.7388  -0.08%
Jan 27, 2019  1.7464  1.7434  1.7470  1.7056  0.10%
Jan 25, 2019  1.7447  1.7441  1.7532  1.7373  0.03%
Jan 24, 2019  1.7442  1.7432  1.7463  1.7371  0.04%
Jan 23, 2019  1.7435  1.7306  1.7486  1.7249  0.76%
Jan 22, 2019  1.7303  1.7133  1.7323  1.7130  0.97%
Jan 21, 2019  1.7137  1.7069  1.7162  1.7044  0.43%
Jan 20, 2019  1.7063  1.7075  1.7113  1.7043  -0.05%
Jan 18, 2019  1.7071  1.7241  1.7258  1.7066  -0.99%
Jan 17, 2019  1.7242  1.7080  1.7280  1.7059  0.97%
Jan 16, 2019  1.7076  1.7060  1.7107  1.7008  0.09%
Jan 15, 2019  1.7060  1.7087  1.7134  1.6836  -0.19%
Jan 14, 2019  1.7092  1.7041  1.7142  1.7009  0.25%
Jan 13, 2019  1.7049  1.7040  1.7068  1.7028  0.01%
Jan 11, 2019  1.7047  1.6885  1.7066  1.6759  1.03%
Jan 10, 2019  1.6874  1.6893  1.6934  1.6816  -0.11%
Jan 09, 2019  1.6892  1.6881  1.6934  1.6826  0.05%
Jan 08, 2019  1.6884  1.6994  1.7009  1.6871  -0.65%
Jan 07, 2019  1.6995  1.7026  1.7071  1.6953  -0.16%
Jan 06, 2019  1.7023  1.7018  1.7043  1.7013  0.00%
Jan 04, 2019  1.7023  1.7041  1.7089  1.6952  -0.09%
Jan 03, 2019  1.7039  1.7119  1.7174  1.6965  -0.48%
Jan 02, 2019  1.7121  1.7391  1.7394  1.7080  -1.56%
Jan 01, 2019  1.7392  1.7396  1.7409  1.7286  -0.05%
Dec 31, 2018  1.7401  1.7286  1.7499  1.7265  0.63%
Dec 30, 2018  1.7292  1.7319  1.7322  1.7288  -0.22%
Dec 28, 2018  1.7330  1.7221  1.7352  1.7194  0.64%
Dec 27, 2018  1.7219  1.7148  1.7307  1.7140  0.42%
Dec 26, 2018  1.7147  1.7244  1.7318  1.7140  -0.55%
Dec 25, 2018  1.7241  1.7314  1.7476  1.7210  -0.41%
Dec 24, 2018  1.7312  1.7207  1.7335  1.7147  0.65%
Dec 23, 2018  1.7201  1.7193  1.7201  1.7184  0.13%
Dec 21, 2018  1.7179  1.7101  1.7215  1.7072  0.47%
Dec 20, 2018  1.7099  1.7007  1.7168  1.6999  0.55%
Dec 19, 2018  1.7005  1.7029  1.7080  1.6948  -0.12%
Dec 18, 2018  1.7026  1.6923  1.7069  1.6905  0.59%
Dec 17, 2018  1.6926  1.6848  1.6944  1.6818  0.46%
Dec 16, 2018  1.6848  1.6866  1.6867  1.6830  0.02%
Dec 14, 2018  1.6844  1.6903  1.6925  1.6769  -0.33%
Dec 13, 2018  1.6900  1.6862  1.6960  1.6839  0.24%
Dec 12, 2018  1.6860  1.6720  1.6930  1.6702  0.83%
Dec 11, 2018  1.6722  1.6825  1.6957  1.6713  -0.64%
Dec 10, 2018  1.6829  1.6958  1.7012  1.6755  -0.74%
Dec 09, 2018  1.6955  1.6944  1.6960  1.6941  -0.01%
Dec 07, 2018  1.6956  1.7106  1.7141  1.6892  -0.88%
Dec 06, 2018  1.7106  1.7004  1.7179  1.6999  0.59%
Dec 05, 2018  1.7006  1.6868  1.7073  1.6834  0.79%
Dec 04, 2018  1.6872  1.6793  1.6909  1.6740  0.48%
Dec 03, 2018  1.6792  1.6928  1.6961  1.6718  -0.66%
Dec 02, 2018  1.6904  1.6877  1.6905  1.6859  -0.35%
Nov 30, 2018  1.6963  1.6995  1.7039  1.6926  -0.19%
Nov 29, 2018  1.6995  1.7030  1.7055  1.6926  -0.16%
Nov 28, 2018  1.7022  1.6950  1.7069  1.6926  0.42%
Nov 27, 2018  1.6950  1.7013  1.7013  1.6865  -0.34%
Nov 26, 2018  1.7008  1.7009  1.7019  1.6907  0.35%
Nov 25, 2018  1.6949  1.6961  1.6976  1.6946  -0.08%
Nov 23, 2018  1.6962  1.6984  1.7018  1.6897  -0.13%
Nov 22, 2018  1.6984  1.6909  1.7103  1.6890  0.46%
Nov 21, 2018  1.6907  1.7015  1.7049  1.6895  -0.63%
Nov 20, 2018  1.7015  1.6927  1.7028  1.6888  0.53%
Nov 19, 2018  1.6925  1.6864  1.6969  1.6850  0.31%
Nov 18, 2018  1.6873  1.6902  1.6907  1.6871  -0.04%
Nov 16, 2018  1.6879  1.6830  1.6949  1.6812  0.25%
Nov 15, 2018  1.6837  1.7201  1.7233  1.6783  -2.14%
Nov 14, 2018  1.7206  1.7177  1.7288  1.7063  0.20%
Nov 13, 2018  1.7172  1.7021  1.7258  1.7001  0.89%
Nov 12, 2018  1.7020  1.7107  1.7116  1.6945  -0.29%
Nov 11, 2018  1.7070  1.7057  1.7081  1.7057  -0.43%
Nov 09, 2018  1.7143  1.7185  1.7229  1.7108  -0.23%
Nov 08, 2018  1.7183  1.7210  1.7241  1.7134  -0.16%
Nov 07, 2018  1.7211  1.7191  1.7260  1.7153  0.12%
Nov 06, 2018  1.7191  1.7098  1.7213  1.7077  0.56%
Nov 05, 2018  1.7095  1.7074  1.7119  1.6980  0.33%
Nov 04, 2018  1.7039  1.7050  1.7052  1.7022  0.19%
Nov 02, 2018  1.7006  1.7026  1.7046  1.6972  -0.12%
Nov 01, 2018  1.7026  1.6795  1.7062  1.6787  1.38%
Oct 31, 2018  1.6794  1.6653  1.6830  1.6642  0.83%
Oct 30, 2018  1.6655  1.6804  1.6824  1.6652  -0.88%
Oct 29, 2018  1.6803  1.6811  1.6838  1.6769  -0.01%
Oct 28, 2018  1.6805  1.6793  1.6810  1.6793  -0.10%
Oct 26, 2018  1.6821  1.6755  1.6859  1.6744  0.41%
Oct 25, 2018  1.6753  1.6817  1.6881  1.6734  -0.37%
Oct 24, 2018  1.6815  1.6990  1.7003  1.6716  -1.02%
Oct 23, 2018  1.6988  1.6981  1.7096  1.6957  0.03%
Oct 22, 2018  1.6983  1.7114  1.7139  1.6970  -0.82%
Oct 21, 2018  1.7123  1.7121  1.7138  1.7109  0.00%
Oct 19, 2018  1.7123  1.7035  1.7193  1.6962  0.52%
Oct 18, 2018  1.7035  1.7070  1.7121  1.7011  -0.23%
