Date  Price  Open  High  Low  Vol.  Change %
Apr 18, 2019  26,559.75  26,462.73  26,602.08  26,445.02  320.96M  0.42%
Apr 17, 2019  26,449.54  26,468.53  26,501.02  26,391.86  367.78M  -0.01%
Apr 16, 2019  26,452.66  26,482.19  26,530.71  26,397.19  302.34M  0.26%
Apr 15, 2019  26,384.77  26,407.76  26,424.85  26,316.42  250.62M  -0.10%
Apr 12, 2019  26,412.30  26,357.79  26,436.68  26,309.72  369.91M  1.03%
Apr 11, 2019  26,143.05  26,188.21  26,229.88  26,062.59  211.68M  -0.05%
Apr 10, 2019  26,157.16  26,173.71  26,209.49  26,101.24  203.13M  0.03%
Apr 09, 2019  26,150.58  26,243.54  26,246.34  26,103.14  244.41M  -0.72%
Apr 08, 2019  26,341.02  26,312.67  26,344.65  26,246.03  229.38M  -0.32%
Apr 05, 2019  26,424.99  26,427.56  26,487.57  26,370.82  229.55M  0.15%
Apr 04, 2019  26,384.63  26,213.42  26,398.90  26,212.78  233.04M  0.64%
Apr 03, 2019  26,218.13  26,238.03  26,282.17  26,138.47  271.98M  0.15%
Apr 02, 2019  26,179.13  26,213.55  26,221.24  26,122.31  250.94M  -0.30%
Apr 01, 2019  26,258.42  26,075.10  26,280.90  26,071.69  295.57M  1.27%
Mar 29, 2019  25,928.68  25,827.31  25,949.32  25,771.67  300.62M  0.82%
Mar 28, 2019  25,717.46  25,693.32  25,743.41  25,576.69  237.17M  0.36%
Mar 27, 2019  25,625.59  25,676.34  25,758.17  25,425.27  270.34M  -0.13%
Mar 26, 2019  25,657.73  25,649.56  25,796.29  25,544.78  305.11M  0.55%
Mar 25, 2019  25,516.83  25,490.72  25,603.27  25,372.26  303.12M  0.06%
Mar 22, 2019  25,502.32  25,844.65  25,877.01  25,501.45  386.51M  -1.77%
Mar 21, 2019  25,962.51  25,688.44  26,009.90  25,657.78  335.25M  0.84%
Mar 20, 2019  25,745.67  25,867.79  25,929.52  25,670.63  321.98M  -0.55%
Mar 19, 2019  25,887.38  25,987.87  26,109.68  25,814.92  342.25M  -0.10%
Mar 18, 2019  25,914.10  25,801.88  25,924.77  25,785.66  303.17M  0.25%
Mar 15, 2019  25,848.87  25,720.96  25,927.91  25,649.70  616.91M  0.54%
Mar 14, 2019  25,709.94  25,692.31  25,752.84  25,621.31  302.79M  0.03%
Mar 13, 2019  25,702.89  25,637.23  25,776.49  25,571.31  331.41M  0.58%
Mar 12, 2019  25,554.66  25,600.30  25,675.44  25,522.17  312.52M  -0.38%
Mar 11, 2019  25,650.88  25,208.00  25,661.63  25,208.00  309.79M  0.79%
Mar 08, 2019  25,450.24  25,347.38  25,466.14  25,252.46  270.50M  -0.09%
Mar 07, 2019  25,473.23  25,645.45  25,645.45  25,352.55  289.14M  -0.78%
Mar 05, 2019  25,806.63  25,829.07  25,877.15  25,725.63  252.26M  -0.05%
Mar 04, 2019  25,819.65  26,122.19  26,155.98  25,611.55  295.51M  -0.79%
Mar 01, 2019  26,026.32  26,019.67  26,143.92  25,914.37  289.89M  0.43%
Feb 28, 2019  25,916.00  25,984.28  26,029.21  25,896.56  338.52M  -0.27%
Feb 27, 2019  25,985.16  25,995.60  26,039.68  25,877.24  255.38M  -0.28%
Feb 26, 2019  26,057.98  26,051.61  26,155.29  25,966.01  257.85M  -0.13%
Feb 25, 2019  26,091.95  26,126.15  26,241.42  26,080.66  281.60M  0.23%
Feb 22, 2019  26,031.81  25,906.27  26,052.90  25,906.27  279.76M  0.70%
Feb 21, 2019  25,850.63  25,922.41  25,938.88  25,762.21  255.71M  -0.40%
Feb 20, 2019  25,954.44  25,872.26  25,986.20  25,846.48  287.88M  0.24%
Feb 19, 2019  25,891.32  25,849.85  25,961.44  25,820.01  280.62M  0.03%
Feb 15, 2019  25,883.25  25,564.63  25,883.72  25,564.63  328.53M  1.74%
Feb 14, 2019  25,439.39  25,460.65  25,558.90  25,308.09  313.01M  -0.41%
Feb 13, 2019  25,543.27  25,480.86  25,625.95  25,480.86  263.33M  0.46%
Feb 12, 2019  25,425.76  25,152.03  25,458.98  25,152.03  278.11M  1.49%
Feb 11, 2019  25,053.11  25,142.81  25,196.75  25,009.10  241.70M  -0.21%
Feb 08, 2019  25,106.33  25,042.36  25,106.39  24,883.04  248.21M  -0.25%
Feb 07, 2019  25,169.53  25,265.81  25,314.26  25,000.52  295.46M  -0.87%
Feb 06, 2019  25,390.30  25,371.57  25,439.04  25,312.06  247.59M  -0.08%
Feb 05, 2019  25,411.52  25,287.93  25,427.32  25,287.65  310.65M  0.68%
Feb 04, 2019  25,239.37  25,062.12  25,239.91  24,977.67  298.54M  0.70%
Feb 01, 2019  25,063.89  25,025.31  25,193.15  24,982.49  372.09M  0.26%
Jan 31, 2019  24,999.67  24,954.48  25,049.62  24,842.09  507.35M  -0.06%
Jan 30, 2019  25,014.86  24,826.52  25,109.62  24,790.90  397.33M  1.77%
Jan 29, 2019  24,579.96  24,519.62  24,674.87  24,504.04  330.87M  0.21%
Jan 28, 2019  24,528.22  24,596.98  24,596.98  24,323.94  347.17M  -0.84%
Jan 25, 2019  24,737.20  24,687.21  24,860.15  24,676.75  376.89M  0.75%
Jan 24, 2019  24,553.24  24,579.96  24,626.30  24,422.73  320.17M  -0.09%
Jan 23, 2019  24,575.62  24,577.25  24,700.98  24,307.17  318.60M  0.70%
Jan 22, 2019  24,404.48  24,607.76  24,607.76  24,244.31  338.48M  -1.22%
Jan 18, 2019  24,706.35  24,534.19  24,750.22  24,459.03  372.97M  1.38%
Jan 17, 2019  24,370.10  24,147.09  24,474.46  24,088.90  288.59M  0.67%
Jan 16, 2019  24,207.16  24,139.91  24,288.61  24,119.72  302.83M  0.59%
Jan 15, 2019  24,065.59  23,914.11  24,099.14  23,887.93  291.57M  0.65%
Jan 14, 2019  23,909.84  23,880.53  23,964.90  23,765.24  277.56M  -0.36%
Jan 11, 2019  23,995.95  23,940.01  23,996.32  23,798.16  262.65M  -0.02%
Jan 10, 2019  24,001.92  23,811.11  24,014.78  23,703.25  338.15M  0.51%
Jan 09, 2019  23,879.12  23,844.27  23,985.45  23,776.56  324.57M  0.39%
Jan 08, 2019  23,787.45  23,680.32  23,864.65  23,581.45  317.42M  1.09%
Jan 07, 2019  23,531.35  23,474.26  23,687.74  23,301.59  334.20M  0.42%
Jan 04, 2019  23,433.16  22,894.92  23,518.64  22,894.92  396.02M  3.29%
Jan 03, 2019  22,686.22  23,176.39  23,176.39  22,638.41  424.24M  -2.83%
Jan 02, 2019  23,346.24  23,058.61  23,413.47  22,928.59  321.57M  0.08%
Dec 31, 2018  23,327.46  23,153.94  23,333.18  23,118.30  288.83M  1.15%
Dec 28, 2018  23,062.40  23,213.61  23,381.88  22,981.33  336.51M  -0.33%
Dec 27, 2018  23,138.82  22,629.06  23,138.89  22,267.42  407.94M  1.14%
Dec 26, 2018  22,878.45  21,857.73  22,878.92  21,712.53  433.08M  4.98%
Dec 24, 2018  21,792.20  22,317.28  22,339.87  21,792.20  308.42M  -2.91%
Dec 21, 2018  22,445.37  22,871.74  23,254.59  22,396.34  900.51M  -1.81%
Dec 20, 2018  22,859.60  23,224.12  23,282.20  22,644.31  576.70M  -1.99%
Dec 19, 2018  23,323.66  23,693.33  24,057.34  23,162.64  503.55M  -1.49%
Dec 18, 2018  23,675.64  23,769.13  23,927.77  23,516.02  408.07M  0.35%
Dec 17, 2018  23,592.98  23,986.83  24,088.08  23,456.88  466.74M  -2.11%
Dec 14, 2018  24,100.51  24,408.04  24,431.14  24,033.79  416.94M  -2.02%
Dec 13, 2018  24,597.38  24,575.86  24,740.96  24,473.29  299.97M  0.29%
Dec 12, 2018  24,527.27  24,509.09  24,828.29  24,509.09  344.33M  0.64%
Dec 11, 2018  24,370.24  24,719.91  24,791.26  24,221.06  342.96M  -0.22%
Dec 10, 2018  24,423.26  24,360.95  24,500.81  23,881.37  389.69M  0.14%
Dec 07, 2018  24,388.95  24,918.82  25,095.62  24,284.78  398.23M  -2.24%
Dec 06, 2018  24,947.67  24,737.42  24,951.01  24,242.22  471.69M  -0.32%
Dec 04, 2018  25,027.07  25,752.56  25,773.12  25,008.11  418.90M  -3.10%
Dec 03, 2018  25,826.43  25,779.57  25,980.21  25,670.51  388.48M  1.13%
Nov 30, 2018  25,538.46  25,307.14  25,549.71  25,250.97  482.25M  0.79%
Nov 29, 2018  25,338.84  25,343.65  25,479.04  25,202.79  305.11M  -0.11%
Nov 28, 2018  25,366.43  24,832.84  25,368.93  24,832.84  362.16M  2.50%
Nov 27, 2018  24,748.73  24,557.02  24,750.73  24,416.03  308.25M  0.44%
Nov 26, 2018  24,640.24  24,364.13  24,673.29  24,364.13  306.28M  1.46%
Nov 23, 2018  24,285.95  24,336.40  24,408.80  24,268.74  155.94M  -0.73%
Nov 21, 2018  24,464.69  24,541.65  24,669.79  24,463.28  289.37M  -0.00%
Nov 20, 2018  24,465.64  24,618.68  24,707.26  24,368.98  445.92M  -2.21%
Nov 19, 2018  25,017.44  25,392.61  25,392.61  24,900.98  358.09M  -1.56%
Nov 16, 2018  25,413.22  25,242.35  25,510.23  25,147.80  354.46M  0.49%
Nov 15, 2018  25,289.27  25,061.48  25,354.56  24,787.79  392.75M  0.83%
Nov 14, 2018  25,080.50  25,388.08  25,501.29  24,935.82  384.24M  -0.81%
Nov 13, 2018  25,286.49  25,321.21  25,511.03  25,193.78  339.69M  -0.40%
Nov 12, 2018  25,387.18  25,959.33  25,966.71  25,340.51  346.91M  -2.32%
Nov 09, 2018  25,989.30  26,149.11  26,161.49  25,882.91  324.45M  -0.77%
Nov 08, 2018  26,191.22  26,139.59  26,277.82  26,081.90  295.65M  0.04%
Nov 07, 2018  26,180.30  25,788.46  26,200.14  25,765.88  361.78M  2.13%
Nov 06, 2018  25,635.01  25,452.83  25,651.86  25,444.90  265.45M  0.68%
Nov 05, 2018  25,461.70  25,261.47  25,507.35  25,261.47  334.74M  0.76%
Nov 02, 2018  25,270.83  25,443.60  25,578.98  25,078.72  429.48M  -0.43%
Nov 01, 2018  25,380.74  25,142.08  25,396.47  25,108.11  383.97M  1.06%
Oct 31, 2018  25,115.76  25,008.82  25,336.55  25,008.82  448.93M  0.97%
Oct 30, 2018  24,874.64  24,482.04  24,906.68  24,415.69  470.05M  1.77%
Oct 29, 2018  24,442.92  24,818.98  25,040.58  24,122.23  443.85M  -0.99%
Oct 26, 2018  24,688.31  24,770.25  24,916.16  24,445.19  505.31M  -1.19%
Oct 25, 2018  24,984.55  24,736.54  25,104.29  24,645.56  439.67M  1.63%
Oct 24, 2018  24,583.42  25,172.88  25,306.23  24,533.19  496.40M  -2.41%
Oct 23, 2018  25,191.43  25,038.46  25,307.70  24,768.79  436.43M  -0.50%
Oct 22, 2018  25,317.41  25,492.14  25,561.34  25,236.05  314.94M  -0.50%
Oct 19, 2018  25,444.34  25,421.09  25,608.71  25,350.02  350.81M  0.26%
Oct 18, 2018  25,379.45  25,645.56  25,691.46  25,236.01  328.02M  -1.27%
