Date  Price  Open  High  Low  Change %
Apr 18, 2019  112.00  112.04  112.04  111.76  -0.06%
Apr 17, 2019  112.06  112.03  112.17  111.92  0.05%
Apr 16, 2019  112.00  112.05  112.06  111.84  -0.03%
Apr 15, 2019  112.03  112.00  112.09  111.88  -0.00%
Apr 14, 2019  112.04  112.00  112.06  111.93  0.00%
Apr 12, 2019  112.03  111.66  112.09  111.58  0.32%
Apr 11, 2019  111.67  111.03  111.70  110.91  0.59%
Apr 10, 2019  111.02  111.14  111.28  110.84  -0.11%
Apr 09, 2019  111.14  111.49  111.59  110.98  -0.30%
Apr 08, 2019  111.48  111.72  111.80  111.28  -0.20%
Apr 07, 2019  111.71  111.71  111.79  111.68  -0.02%
Apr 05, 2019  111.73  111.64  111.81  111.58  0.05%
Apr 04, 2019  111.67  111.48  111.69  111.33  0.17%
Apr 03, 2019  111.48  111.33  111.58  111.20  0.13%
Apr 02, 2019  111.33  111.34  111.47  111.25  -0.03%
Apr 01, 2019  111.36  110.81  111.45  110.81  0.34%
Mar 31, 2019  110.99  110.97  111.10  110.88  0.11%
Mar 29, 2019  110.86  110.62  110.95  110.53  0.20%
Mar 28, 2019  110.64  110.52  110.83  110.03  0.11%
Mar 27, 2019  110.52  110.64  110.70  110.22  -0.11%
Mar 26, 2019  110.64  109.97  110.69  109.94  0.61%
Mar 25, 2019  109.97  109.86  110.25  109.72  -0.11%
Mar 24, 2019  110.10  109.93  110.14  109.75  0.16%
Mar 22, 2019  109.92  110.81  110.91  109.75  -0.80%
Mar 21, 2019  110.81  110.72  110.97  110.30  0.11%
Mar 20, 2019  110.69  111.41  111.69  110.53  -0.63%
Mar 19, 2019  111.39  111.44  111.48  111.16  -0.03%
Mar 18, 2019  111.42  111.45  111.62  111.28  -0.12%
Mar 17, 2019  111.56  111.50  111.57  111.44  0.08%
Mar 15, 2019  111.47  111.70  111.91  111.39  -0.22%
Mar 14, 2019  111.72  111.16  111.84  111.14  0.49%
Mar 13, 2019  111.17  111.36  111.47  111.00  -0.17%
Mar 12, 2019  111.36  111.20  111.47  111.11  0.14%
Mar 11, 2019  111.20  111.14  111.31  110.88  0.10%
Mar 10, 2019  111.08  111.17  111.18  110.96  -0.08%
Mar 08, 2019  111.17  111.58  111.66  110.78  -0.38%
Mar 07, 2019  111.59  111.77  111.86  111.48  -0.16%
Mar 06, 2019  111.77  111.89  111.94  111.61  -0.11%
Mar 05, 2019  111.89  111.72  112.12  111.70  0.13%
Mar 04, 2019  111.75  111.77  112.02  111.64  -0.17%
Mar 03, 2019  111.94  111.89  111.96  111.72  0.02%
Mar 01, 2019  111.92  111.39  112.08  111.33  0.48%
Feb 28, 2019  111.39  111.00  111.50  110.66  0.35%
Feb 27, 2019  111.00  110.58  111.08  110.36  0.38%
Feb 26, 2019  110.58  111.06  111.09  110.42  -0.43%
Feb 25, 2019  111.06  110.67  111.23  110.56  0.26%
Feb 24, 2019  110.78  110.68  110.79  110.63  0.08%
Feb 22, 2019  110.69  110.69  110.92  110.56  -0.01%
Feb 21, 2019  110.70  110.86  110.89  110.58  -0.14%
Feb 20, 2019  110.86  110.63  110.95  110.52  0.22%
Feb 19, 2019  110.62  110.61  110.83  110.45  0.00%
Feb 18, 2019  110.62  110.45  110.67  110.39  0.04%
Feb 17, 2019  110.57  110.50  110.57  110.39  0.07%
Feb 15, 2019  110.50  110.48  110.66  110.25  0.02%
Feb 14, 2019  110.48  111.01  111.13  110.45  -0.47%
Feb 13, 2019  111.00  110.50  111.06  110.42  0.47%
Feb 12, 2019  110.48  110.36  110.64  110.33  0.09%
Feb 11, 2019  110.38  109.83  110.47  109.69  0.51%
Feb 10, 2019  109.82  109.76  109.87  109.69  0.08%
Feb 08, 2019  109.73  109.81  109.91  109.64  -0.07%
Feb 07, 2019  109.81  109.97  110.09  109.61  -0.15%
Feb 06, 2019  109.97  109.97  110.06  109.55  0.00%
Feb 05, 2019  109.97  109.89  110.03  109.78  0.07%
Feb 04, 2019  109.89  109.50  110.16  109.43  0.41%
Feb 03, 2019  109.44  109.50  109.54  109.43  -0.05%
Feb 01, 2019  109.50  108.89  109.58  108.72  0.57%
Jan 31, 2019  108.88  109.04  109.08  108.49  -0.14%
Jan 30, 2019  109.03  109.39  109.75  108.81  -0.33%
Jan 29, 2019  109.39  109.36  109.55  109.14  0.03%
Jan 28, 2019  109.36  109.53  109.61  109.16  -0.05%
Jan 27, 2019  109.42  109.52  109.59  109.39  -0.12%
Jan 25, 2019  109.55  109.64  109.97  109.45  -0.08%
Jan 24, 2019  109.64  109.58  109.81  109.42  0.04%
Jan 23, 2019  109.60  109.37  110.00  109.32  0.20%
Jan 22, 2019  109.38  109.67  109.70  109.14  -0.26%
Jan 21, 2019  109.67  109.75  109.77  109.47  -0.00%
Jan 20, 2019  109.68  109.78  109.78  109.64  -0.10%
Jan 18, 2019  109.78  109.27  109.89  109.06  0.49%
Jan 17, 2019  109.24  109.09  109.40  108.68  0.14%
Jan 16, 2019  109.09  108.69  109.20  108.38  0.39%
Jan 15, 2019  108.67  108.16  108.77  108.13  0.46%
Jan 14, 2019  108.17  108.47  108.56  107.97  -0.26%
Jan 13, 2019  108.46  108.57  108.57  108.36  -0.09%
Jan 11, 2019  108.55  108.43  108.60  108.14  0.12%
Jan 10, 2019  108.42  108.16  108.52  107.77  0.23%
Jan 09, 2019  108.17  108.75  109.00  107.97  -0.53%
Jan 08, 2019  108.75  108.72  109.09  108.44  0.03%
Jan 07, 2019  108.72  108.55  108.75  108.03  0.17%
Jan 06, 2019  108.54  108.56  108.75  108.36  0.00%
Jan 04, 2019  108.53  107.67  108.59  107.51  0.80%
Jan 03, 2019  107.67  108.89  108.92  104.97  -1.11%
Jan 02, 2019  108.88  109.67  109.73  108.71  -0.77%
Jan 01, 2019  109.72  109.57  109.79  109.57  0.13%
Dec 31, 2018  109.58  110.44  110.48  109.55  -0.68%
Dec 30, 2018  110.32  110.42  110.42  110.27  0.04%
Dec 28, 2018  110.28  110.97  111.06  110.14  -0.65%
Dec 27, 2018  111.00  111.38  111.39  110.45  -0.32%
Dec 26, 2018  111.36  110.31  111.42  110.14  0.98%
Dec 25, 2018  110.28  110.44  110.47  110.00  -0.15%
Dec 24, 2018  110.45  110.95  111.21  110.27  -0.56%
Dec 23, 2018  111.07  110.97  111.19  110.96  -0.13%
Dec 21, 2018  111.22  111.30  111.47  110.94  -0.05%
Dec 20, 2018  111.28  112.47  112.61  110.81  -1.07%
Dec 19, 2018  112.48  112.52  112.66  112.09  -0.04%
Dec 18, 2018  112.53  112.83  112.88  112.25  -0.27%
Dec 17, 2018  112.83  113.32  113.53  112.68  -0.50%
Dec 16, 2018  113.40  113.36  113.40  113.32  0.01%
Dec 14, 2018  113.39  113.64  113.69  113.22  -0.22%
Dec 13, 2018  113.64  113.28  113.72  113.20  0.32%
Dec 12, 2018  113.28  113.39  113.53  113.14  -0.10%
Dec 11, 2018  113.39  113.33  113.47  113.00  0.04%
Dec 10, 2018  113.34  112.70  113.38  112.25  0.73%
Dec 09, 2018  112.52  112.62  112.69  112.43  -0.19%
Dec 07, 2018  112.73  112.67  112.94  112.55  0.05%
Dec 06, 2018  112.67  113.19  113.22  112.22  -0.46%
Dec 05, 2018  113.19  112.77  113.25  112.64  0.36%
Dec 04, 2018  112.78  113.66  113.67  112.58  -0.78%
Dec 03, 2018  113.67  113.47  113.86  113.38  -0.09%
Dec 02, 2018  113.77  113.66  113.82  113.61  0.26%
Nov 30, 2018  113.47  113.50  113.72  113.33  -0.01%
Nov 29, 2018  113.48  113.69  113.69  113.19  -0.18%
Nov 28, 2018  113.69  113.78  114.03  113.44  -0.08%
Nov 27, 2018  113.78  113.58  113.85  113.41  0.17%
Nov 26, 2018  113.59  112.94  113.64  112.86  0.60%
Nov 25, 2018  112.91  112.92  112.94  112.88  -0.04%
Nov 23, 2018  112.95  112.94  113.02  112.64  0.01%
Nov 22, 2018  112.94  113.05  113.14  112.86  -0.11%
Nov 21, 2018  113.06  112.77  113.14  112.61  0.26%
Nov 20, 2018  112.77  112.56  112.84  112.31  0.19%
Nov 19, 2018  112.56  112.83  112.89  112.42  -0.14%
Nov 18, 2018  112.72  112.80  112.85  112.61  -0.10%
Nov 16, 2018  112.83  113.64  113.66  112.64  -0.71%
Nov 15, 2018  113.64  113.62  113.72  113.11  0.02%
Nov 14, 2018  113.62  113.81  114.02  113.30  -0.17%
Nov 13, 2018  113.81  113.83  114.15  113.57  -0.02%
Nov 12, 2018  113.83  113.83  114.20  113.66  -0.02%
Nov 11, 2018  113.85  113.87  113.89  113.82  0.02%
Nov 09, 2018  113.83  114.06  114.09  113.64  -0.20%
Nov 08, 2018  114.06  113.52  114.08  113.47  0.47%
Nov 07, 2018  113.53  113.44  113.83  112.94  0.08%
Nov 06, 2018  113.44  113.20  113.50  113.11  0.22%
Nov 05, 2018  113.19  113.19  113.34  113.06  0.05%
Nov 04, 2018  113.13  113.17  113.23  113.12  -0.06%
Nov 02, 2018  113.20  112.72  113.33  112.58  0.43%
Nov 01, 2018  112.72  112.94  113.00  112.61  -0.19%
Oct 31, 2018  112.94  113.13  113.39  112.80  -0.13%
Oct 30, 2018  113.09  112.38  113.11  112.28  0.63%
Oct 29, 2018  112.38  111.92  112.56  111.78  0.40%
Oct 28, 2018  111.93  111.88  111.98  111.80  0.02%
Oct 26, 2018  111.91  112.39  112.45  111.38  -0.45%
Oct 25, 2018  112.42  112.25  112.69  111.83  0.14%
Oct 24, 2018  112.26  112.43  112.75  112.09  -0.16%
Oct 23, 2018  112.44  112.83  112.86  111.94  -0.35%
Oct 22, 2018  112.83  112.50  112.91  112.36  0.32%
Oct 21, 2018  112.47  112.59  112.60  112.41  -0.07%
Oct 19, 2018  112.55  112.21  112.65  112.12  0.32%
Oct 18, 2018  112.19  112.64  112.73  111.97  -0.41%
