Date  Price  Open  High  Low  Change %
Apr 18, 2019  63.96  63.70  64.12  63.45  0.39%
Apr 17, 2019  63.71  64.33  64.56  63.65  -0.96%
Apr 16, 2019  64.33  63.47  64.41  62.98  1.37%
Apr 15, 2019  63.46  63.60  63.73  63.01  -0.24%
Apr 14, 2019  63.61  63.74  63.80  63.49  -0.19%
Apr 12, 2019  63.73  63.70  64.58  63.65  0.03%
Apr 11, 2019  63.71  64.28  64.37  63.24  -0.87%
Apr 10, 2019  64.27  64.08  64.61  63.98  0.28%
Apr 09, 2019  64.09  64.36  64.69  63.59  -0.40%
Apr 08, 2019  64.35  63.30  64.38  63.03  1.64%
Apr 07, 2019  63.31  63.23  63.38  63.22  0.24%
Apr 05, 2019  63.16  61.84  63.22  61.70  2.13%
Apr 04, 2019  61.84  62.27  62.63  61.77  -0.67%
Apr 03, 2019  62.26  62.34  62.83  61.95  -0.16%
Apr 02, 2019  62.36  61.59  62.59  61.45  1.27%
Apr 01, 2019  61.58  60.18  61.62  60.17  2.34%
Mar 31, 2019  60.17  59.97  60.23  59.97  0.32%
Mar 29, 2019  59.98  59.30  60.51  59.22  1.15%
Mar 28, 2019  59.30  59.11  59.38  58.01  0.30%
Mar 27, 2019  59.12  59.63  59.98  58.59  -0.84%
Mar 26, 2019  59.62  58.90  60.10  58.90  1.19%
Mar 25, 2019  58.92  58.55  59.09  57.94  0.61%
Mar 24, 2019  58.56  58.62  58.63  58.49  -0.22%
Mar 22, 2019  58.69  59.66  59.78  58.02  -1.59%
Mar 21, 2019  59.64  59.81  60.09  59.39  -0.27%
Mar 20, 2019  59.80  58.91  59.98  58.30  1.49%
Mar 19, 2019  58.92  59.03  59.53  58.61  -0.22%
Mar 18, 2019  59.05  58.41  59.20  58.02  1.10%
Mar 17, 2019  58.41  58.47  58.48  58.39  0.12%
Mar 15, 2019  58.34  58.47  58.87  57.69  -0.24%
Mar 14, 2019  58.48  58.24  58.64  57.91  0.43%
Mar 13, 2019  58.23  57.05  58.38  56.91  2.05%
Mar 12, 2019  57.06  56.84  57.42  56.66  0.33%
Mar 11, 2019  56.87  56.02  56.95  55.92  1.52%
Mar 10, 2019  56.02  56.05  56.14  56.02  0.29%
Mar 08, 2019  55.86  56.27  56.30  54.37  -0.75%
Mar 07, 2019  56.28  55.94  56.80  55.91  0.59%
Mar 06, 2019  55.95  55.95  56.20  55.28  -0.05%
Mar 05, 2019  55.98  56.21  56.97  55.88  -0.43%
Mar 04, 2019  56.22  55.77  56.77  55.59  0.79%
Mar 03, 2019  55.78  55.66  56.05  55.62  0.50%
Mar 01, 2019  55.50  56.92  57.56  55.32  -2.53%
Feb 28, 2019  56.94  56.69  57.13  56.16  0.42%
Feb 27, 2019  56.70  55.74  57.09  55.44  1.74%
Feb 26, 2019  55.73  55.16  55.77  54.73  1.05%
Feb 25, 2019  55.15  57.02  57.20  54.79  -3.28%
Feb 24, 2019  57.02  56.80  57.02  56.80  0.49%
Feb 22, 2019  56.74  56.48  57.44  56.45  0.44%
Feb 21, 2019  56.49  56.84  57.19  56.28  -0.60%
Feb 20, 2019  56.83  56.47  57.62  55.86  1.65%
Feb 19, 2019  55.91  55.87  56.23  55.28  0.09%
Feb 18, 2019  55.86  55.88  56.30  55.72  -0.09%
Feb 17, 2019  55.91  55.76  55.97  55.70  0.27%
Feb 15, 2019  55.76  54.52  55.76  54.20  2.27%
Feb 14, 2019  54.52  53.91  54.62  53.05  1.11%
Feb 13, 2019  53.92  53.41  54.52  53.22  0.95%
Feb 12, 2019  53.41  52.34  53.97  52.30  2.04%
Feb 11, 2019  52.34  52.41  52.56  51.17  -0.13%
Feb 10, 2019  52.41  52.59  52.68  52.41  -0.36%
Feb 08, 2019  52.60  52.37  52.88  51.98  0.42%
Feb 07, 2019  52.38  53.84  54.08  51.69  -2.69%
Feb 06, 2019  53.83  53.63  54.16  52.74  0.35%
Feb 05, 2019  53.64  54.59  55.05  53.36  -1.74%
Feb 04, 2019  54.59  55.08  55.58  53.16  -0.85%
Feb 03, 2019  55.06  55.13  55.27  54.98  -0.20%
Feb 01, 2019  55.17  53.70  55.43  53.20  2.72%
Jan 31, 2019  53.71  54.30  55.16  53.44  -1.05%
Jan 30, 2019  54.28  53.12  54.72  52.91  2.18%
Jan 29, 2019  53.12  51.85  53.70  51.65  2.43%
Jan 28, 2019  51.86  53.06  53.38  51.13  -2.24%
Jan 27, 2019  53.05  53.38  53.41  53.04  -0.47%
Jan 25, 2019  53.30  52.84  53.67  52.67  0.87%
Jan 24, 2019  52.84  52.22  53.20  51.86  1.23%
Jan 23, 2019  52.20  52.63  53.37  51.62  -0.80%
Jan 22, 2019  52.62  53.98  54.03  51.80  -2.47%
Jan 21, 2019  53.95  53.37  54.19  53.29  1.11%
Jan 20, 2019  53.36  53.67  53.77  53.28  -0.58%
Jan 18, 2019  53.67  52.16  53.83  52.16  2.88%
Jan 17, 2019  52.17  52.22  52.55  50.98  -0.11%
Jan 16, 2019  52.23  51.86  52.49  51.26  0.69%
Jan 15, 2019  51.87  50.66  52.27  50.64  2.43%
Jan 14, 2019  50.64  51.77  51.89  50.38  -2.20%
Jan 13, 2019  51.78  51.73  52.05  51.73  0.27%
Jan 11, 2019  51.64  52.22  53.23  51.12  -1.07%
Jan 10, 2019  52.20  52.09  52.70  51.31  0.23%
Jan 09, 2019  52.08  49.88  52.48  49.84  4.39%
Jan 08, 2019  49.89  48.64  49.92  48.22  2.53%
Jan 07, 2019  48.66  48.51  49.68  48.24  0.35%
Jan 06, 2019  48.49  48.18  48.53  48.02  0.64%
Jan 04, 2019  48.18  46.76  49.09  46.52  2.99%
Jan 03, 2019  46.78  45.66  47.34  45.23  2.45%
Jan 02, 2019  45.66  45.72  47.61  44.23  1.47%
Dec 31, 2018  45.00  45.34  46.36  44.59  -0.75%
Dec 30, 2018  45.34  45.14  45.44  45.12  0.94%
Dec 28, 2018  44.92  45.23  46.02  44.27  -0.69%
Dec 27, 2018  45.23  46.41  46.41  44.20  -2.50%
Dec 26, 2018  46.39  43.09  46.78  42.34  9.75%
Dec 24, 2018  42.27  45.34  45.95  42.22  -6.75%
Dec 23, 2018  45.33  45.19  45.47  45.18  0.55%
Dec 21, 2018  45.08  46.08  46.47  44.86  -2.13%
Dec 20, 2018  46.06  47.07  47.20  45.39  -2.17%
Dec 19, 2018  47.08  46.31  48.01  46.01  1.68%
Dec 18, 2018  46.30  49.31  49.56  45.80  -6.12%
Dec 17, 2018  49.32  51.30  51.84  49.03  -3.86%
Dec 16, 2018  51.30  51.23  51.38  51.23  0.25%
Dec 14, 2018  51.17  52.78  52.78  50.83  -3.05%
Dec 13, 2018  52.78  51.32  53.20  50.31  2.86%
Dec 12, 2018  51.31  51.99  52.77  50.91  -1.29%
Dec 11, 2018  51.98  50.90  52.35  50.65  2.14%
Dec 10, 2018  50.89  52.36  52.73  50.53  -2.75%
Dec 09, 2018  52.33  52.08  52.51  52.08  0.54%
Dec 07, 2018  52.05  51.42  54.13  50.52  1.23%
Dec 06, 2018  51.42  52.58  53.20  50.02  -2.22%
Dec 05, 2018  52.59  52.69  54.28  52.08  -0.17%
Dec 04, 2018  52.68  53.14  54.45  52.38  -0.90%
Dec 03, 2018  53.16  52.22  53.73  51.97  1.82%
Dec 02, 2018  52.21  52.40  52.40  51.94  3.18%
Nov 30, 2018  50.60  51.30  51.66  49.56  -1.31%
Nov 29, 2018  51.27  50.48  52.06  49.34  1.59%
Nov 28, 2018  50.47  51.92  52.41  49.96  -2.81%
Nov 27, 2018  51.93  51.47  52.22  50.19  0.93%
Nov 26, 2018  51.45  50.45  52.09  50.23  1.98%
Nov 25, 2018  50.45  50.47  50.91  50.02  -0.86%
Nov 23, 2018  50.89  53.88  53.91  50.43  -5.48%
Nov 22, 2018  53.84  54.48  54.63  53.36  -1.16%
Nov 21, 2018  54.47  53.33  55.66  53.30  2.20%
Nov 20, 2018  53.30  57.17  57.21  52.61  -6.80%
Nov 19, 2018  57.19  57.10  57.38  55.09  0.18%
Nov 18, 2018  57.09  56.80  57.15  56.71  0.49%
Nov 16, 2018  56.81  56.48  57.94  55.90  0.60%
Nov 15, 2018  56.47  55.89  57.23  55.59  1.04%
Nov 14, 2018  55.89  55.69  57.30  55.12  0.34%
Nov 13, 2018  55.70  58.92  59.33  54.76  -5.50%
Nov 12, 2018  58.94  60.74  61.24  58.66  -3.00%
Nov 11, 2018  60.76  60.69  60.92  60.53  1.61%
Nov 09, 2018  59.80  60.69  60.73  59.24  -1.45%
Nov 08, 2018  60.68  61.63  62.37  60.41  -1.53%
Nov 07, 2018  61.62  61.76  63.12  61.16  -0.19%
Nov 06, 2018  61.74  62.78  63.26  61.27  -1.69%
Nov 05, 2018  62.80  62.91  64.08  62.48  -0.17%
Nov 04, 2018  62.91  62.95  63.01  62.83  0.22%
Nov 02, 2018  62.77  63.52  63.88  62.59  -1.18%
Nov 01, 2018  63.52  64.92  65.30  63.07  -2.20%
Oct 31, 2018  64.95  66.36  66.90  64.73  -2.18%
Oct 30, 2018  66.40  66.58  67.16  65.29  -0.32%
Oct 29, 2018  66.61  67.60  67.85  66.22  -1.45%
Oct 28, 2018  67.59  67.46  67.66  67.42  0.13%
Oct 26, 2018  67.50  66.82  67.77  66.11  1.03%
Oct 25, 2018  66.81  66.08  67.53  65.92  1.14%
Oct 24, 2018  66.06  66.22  67.61  65.94  -0.32%
Oct 23, 2018  66.27  69.48  69.50  65.64  -4.61%
Oct 22, 2018  69.47  69.31  69.71  68.34  0.19%
Oct 21, 2018  69.34  69.52  69.55  69.18  -0.07%
Oct 19, 2018  69.39  68.85  69.79  68.59  0.81%
Oct 18, 2018  68.83  69.94  70.00  68.53  -1.60%
