Date  Price  Open  High  Low  Change %
Apr 18, 2019  1,275.68  1,274.28  1,277.70  1,271.35  0.11%
Apr 17, 2019  1,274.28  1,276.62  1,279.85  1,273.15  -0.19%
Apr 16, 2019  1,276.68  1,288.44  1,288.45  1,273.04  -0.91%
Apr 15, 2019  1,288.44  1,289.78  1,290.47  1,282.61  -0.11%
Apr 14, 2019  1,289.85  1,291.22  1,292.01  1,289.45  -0.07%
Apr 12, 2019  1,290.69  1,292.19  1,295.84  1,290.15  -0.13%
Apr 11, 2019  1,292.33  1,308.17  1,308.43  1,289.71  -1.21%
Apr 10, 2019  1,308.15  1,304.66  1,310.65  1,301.04  0.26%
Apr 09, 2019  1,304.74  1,298.02  1,306.24  1,296.70  0.51%
Apr 08, 2019  1,298.10  1,291.85  1,303.78  1,291.78  0.48%
Apr 07, 2019  1,291.91  1,291.81  1,293.37  1,291.51  0.03%
Apr 05, 2019  1,291.55  1,292.26  1,293.23  1,284.59  -0.05%
Apr 04, 2019  1,292.23  1,291.91  1,294.45  1,281.02  0.02%
Apr 03, 2019  1,291.91  1,291.78  1,294.66  1,288.49  0.00%
Apr 02, 2019  1,291.87  1,287.48  1,292.94  1,285.45  0.34%
Apr 01, 2019  1,287.49  1,291.84  1,297.05  1,286.55  -0.34%
Mar 31, 2019  1,291.84  1,292.28  1,293.32  1,291.57  -0.03%
Mar 29, 2019  1,292.18  1,291.64  1,299.84  1,286.80  0.04%
Mar 28, 2019  1,291.64  1,309.39  1,312.39  1,288.64  -1.36%
Mar 27, 2019  1,309.49  1,316.54  1,319.38  1,308.23  -0.53%
Mar 26, 2019  1,316.52  1,321.40  1,322.26  1,312.79  -0.37%
Mar 25, 2019  1,321.39  1,311.72  1,324.57  1,311.09  0.73%
Mar 24, 2019  1,311.79  1,313.90  1,314.13  1,311.78  -0.13%
Mar 22, 2019  1,313.44  1,308.70  1,315.02  1,306.91  0.37%
Mar 21, 2019  1,308.65  1,315.54  1,320.42  1,303.41  -0.52%
Mar 20, 2019  1,315.51  1,306.31  1,317.05  1,298.79  0.70%
Mar 19, 2019  1,306.33  1,303.58  1,310.93  1,303.53  0.21%
Mar 18, 2019  1,303.57  1,300.70  1,306.72  1,298.31  0.22%
Mar 17, 2019  1,300.70  1,302.12  1,302.67  1,300.68  -0.12%
Mar 15, 2019  1,302.23  1,296.20  1,306.45  1,294.06  0.47%
Mar 14, 2019  1,296.20  1,309.52  1,309.88  1,292.96  -1.01%
Mar 13, 2019  1,309.49  1,302.03  1,311.30  1,301.81  0.57%
Mar 12, 2019  1,302.02  1,292.71  1,302.24  1,292.53  0.72%
Mar 11, 2019  1,292.69  1,297.38  1,299.19  1,290.55  -0.36%
Mar 10, 2019  1,297.37  1,298.09  1,298.17  1,296.29  -0.08%
Mar 08, 2019  1,298.38  1,286.10  1,300.80  1,285.30  0.96%
Mar 07, 2019  1,286.06  1,287.22  1,289.09  1,280.93  -0.09%
Mar 06, 2019  1,287.18  1,288.01  1,290.99  1,283.69  -0.06%
Mar 05, 2019  1,288.01  1,287.09  1,289.62  1,281.33  0.06%
Mar 04, 2019  1,287.18  1,295.32  1,297.11  1,282.92  -0.63%
Mar 03, 2019  1,295.32  1,293.57  1,296.20  1,293.57  0.14%
Mar 01, 2019  1,293.52  1,314.33  1,315.24  1,290.24  -1.58%
Feb 28, 2019  1,314.32  1,321.19  1,327.34  1,312.65  -0.52%
Feb 27, 2019  1,321.21  1,329.41  1,329.94  1,317.04  -0.61%
Feb 26, 2019  1,329.33  1,327.60  1,330.25  1,323.59  0.13%
Feb 25, 2019  1,327.61  1,327.82  1,332.62  1,325.24  -0.01%
Feb 24, 2019  1,327.80  1,329.22  1,329.23  1,326.97  -0.03%
Feb 22, 2019  1,328.16  1,325.96  1,333.18  1,321.62  0.17%
Feb 21, 2019  1,325.93  1,340.72  1,341.58  1,321.28  -1.10%
Feb 20, 2019  1,340.70  1,339.67  1,346.79  1,336.94  0.08%
Feb 19, 2019  1,339.63  1,326.51  1,341.93  1,322.95  0.99%
Feb 18, 2019  1,326.52  1,321.33  1,327.69  1,320.97  0.40%
Feb 17, 2019  1,321.20  1,321.40  1,321.80  1,320.76  -0.02%
Feb 15, 2019  1,321.41  1,312.01  1,322.59  1,311.50  0.72%
Feb 14, 2019  1,312.00  1,307.74  1,314.41  1,302.57  0.33%
Feb 13, 2019  1,307.74  1,310.26  1,318.24  1,305.12  -0.20%
Feb 12, 2019  1,310.35  1,307.76  1,314.81  1,306.58  0.19%
Feb 11, 2019  1,307.84  1,313.76  1,314.93  1,303.79  -0.45%
Feb 10, 2019  1,313.76  1,314.33  1,314.33  1,313.45  -0.04%
Feb 08, 2019  1,314.26  1,310.53  1,315.69  1,307.85  0.29%
Feb 07, 2019  1,310.51  1,306.70  1,312.00  1,302.88  0.29%
Feb 06, 2019  1,306.69  1,315.06  1,315.88  1,305.76  -0.64%
Feb 05, 2019  1,315.06  1,311.78  1,316.93  1,310.80  0.25%
Feb 04, 2019  1,311.83  1,317.18  1,317.59  1,308.72  -0.41%
Feb 03, 2019  1,317.25  1,318.09  1,319.11  1,316.62  -0.03%
Feb 01, 2019  1,317.65  1,321.12  1,323.58  1,316.19  -0.26%
Jan 31, 2019  1,321.13  1,319.32  1,326.32  1,317.53  0.14%
Jan 30, 2019  1,319.32  1,310.79  1,323.43  1,309.10  0.65%
Jan 29, 2019  1,310.78  1,304.01  1,312.03  1,302.79  0.52%
Jan 28, 2019  1,303.95  1,300.17  1,304.49  1,297.84  0.29%
Jan 27, 2019  1,300.14  1,301.41  1,302.88  1,300.06  -0.25%
Jan 25, 2019  1,303.37  1,281.42  1,303.96  1,280.03  1.71%
Jan 24, 2019  1,281.48  1,283.84  1,284.86  1,276.90  -0.18%
Jan 23, 2019  1,283.84  1,284.66  1,286.52  1,278.74  -0.06%
Jan 22, 2019  1,284.66  1,279.78  1,285.55  1,277.52  0.38%
Jan 21, 2019  1,279.78  1,282.67  1,283.61  1,276.88  -0.23%
Jan 20, 2019  1,282.68  1,281.65  1,283.36  1,281.65  0.08%
Jan 18, 2019  1,281.63  1,292.42  1,292.52  1,280.72  -0.83%
Jan 17, 2019  1,292.38  1,293.04  1,295.42  1,288.85  -0.05%
Jan 16, 2019  1,293.05  1,289.68  1,295.03  1,287.99  0.26%
Jan 15, 2019  1,289.69  1,291.60  1,294.76  1,286.91  -0.15%
Jan 14, 2019  1,291.60  1,288.19  1,295.92  1,288.02  0.26%
Jan 13, 2019  1,288.20  1,287.65  1,288.69  1,287.52  0.04%
Jan 11, 2019  1,287.64  1,288.06  1,295.21  1,287.08  -0.03%
Jan 10, 2019  1,288.04  1,293.01  1,297.12  1,286.20  -0.38%
Jan 09, 2019  1,293.01  1,285.20  1,293.98  1,280.20  0.61%
Jan 08, 2019  1,285.21  1,288.94  1,290.27  1,279.44  -0.29%
Jan 07, 2019  1,288.97  1,284.32  1,295.13  1,282.72  0.36%
Jan 06, 2019  1,284.31  1,285.81  1,286.39  1,284.24  -0.04%
Jan 04, 2019  1,284.81  1,295.27  1,298.53  1,276.77  -0.81%
Jan 03, 2019  1,295.28  1,285.93  1,295.31  1,284.69  0.73%
Jan 02, 2019  1,285.94  1,282.37  1,290.30  1,278.79  0.26%
Jan 01, 2019  1,282.62  1,283.13  1,283.24  1,282.62  -0.02%
Dec 31, 2018  1,282.82  1,280.08  1,284.18  1,277.09  0.23%
Dec 30, 2018  1,279.86  1,280.40  1,280.76  1,279.03  -0.07%
Dec 28, 2018  1,280.75  1,275.22  1,282.17  1,273.98  0.43%
Dec 27, 2018  1,275.22  1,266.89  1,279.04  1,266.09  0.65%
Dec 26, 2018  1,266.98  1,270.33  1,279.14  1,264.34  -0.17%
Dec 24, 2018  1,269.13  1,259.09  1,270.13  1,258.34  0.80%
Dec 23, 2018  1,259.00  1,257.66  1,259.15  1,257.46  0.24%
Dec 21, 2018  1,256.01  1,260.10  1,262.84  1,253.37  -0.33%
Dec 20, 2018  1,260.14  1,243.70  1,266.79  1,242.89  1.35%
Dec 19, 2018  1,243.39  1,249.67  1,258.41  1,241.54  -0.48%
Dec 18, 2018  1,249.38  1,246.01  1,250.36  1,244.44  0.28%
Dec 17, 2018  1,245.91  1,237.25  1,248.18  1,235.47  0.71%
Dec 16, 2018  1,237.17  1,239.24  1,239.24  1,236.13  -0.08%
Dec 14, 2018  1,238.21  1,242.41  1,243.11  1,232.48  -0.34%
Dec 13, 2018  1,242.46  1,246.02  1,247.13  1,240.23  -0.27%
Dec 12, 2018  1,245.80  1,243.25  1,247.56  1,241.95  0.23%
Dec 11, 2018  1,242.94  1,244.53  1,249.62  1,240.55  -0.13%
Dec 10, 2018  1,244.59  1,250.43  1,250.62  1,241.20  -0.36%
Dec 09, 2018  1,249.11  1,249.88  1,250.92  1,248.94  0.08%
Dec 07, 2018  1,248.10  1,238.32  1,250.42  1,237.49  0.82%
Dec 06, 2018  1,237.99  1,237.87  1,244.70  1,234.63  0.03%
Dec 05, 2018  1,237.56  1,238.54  1,239.35  1,232.96  -0.08%
Dec 04, 2018  1,238.55  1,231.35  1,242.24  1,230.41  0.61%
Dec 03, 2018  1,231.08  1,223.12  1,234.94  1,221.09  0.73%
Dec 02, 2018  1,222.14  1,221.78  1,223.62  1,221.78  0.01%
Nov 30, 2018  1,221.96  1,223.96  1,225.65  1,216.23  -0.17%
Nov 29, 2018  1,223.99  1,221.42  1,229.35  1,220.49  0.24%
Nov 28, 2018  1,221.11  1,214.64  1,226.32  1,210.73  0.53%
Nov 27, 2018  1,214.69  1,222.65  1,225.60  1,211.74  -0.63%
Nov 26, 2018  1,222.37  1,224.00  1,228.13  1,221.14  -0.17%
Nov 25, 2018  1,224.42  1,223.49  1,224.46  1,223.41  0.10%
Nov 23, 2018  1,223.19  1,227.33  1,229.27  1,220.53  -0.35%
Nov 22, 2018  1,227.45  1,226.69  1,229.80  1,225.30  0.12%
Nov 21, 2018  1,226.02  1,221.55  1,230.15  1,219.23  0.37%
Nov 20, 2018  1,221.55  1,224.37  1,229.17  1,219.67  -0.20%
Nov 19, 2018  1,224.05  1,221.76  1,225.26  1,217.52  0.12%
Nov 18, 2018  1,222.62  1,222.49  1,222.84  1,221.69  0.09%
Nov 16, 2018  1,221.47  1,213.02  1,225.37  1,212.48  0.70%
Nov 15, 2018  1,213.00  1,210.87  1,216.36  1,207.56  0.17%
Nov 14, 2018  1,210.91  1,202.26  1,216.33  1,197.12  0.71%
Nov 13, 2018  1,202.35  1,200.96  1,205.57  1,196.29  0.14%
Nov 12, 2018  1,200.65  1,209.46  1,211.45  1,200.18  -0.84%
Nov 11, 2018  1,210.81  1,208.41  1,210.82  1,208.41  0.10%
Nov 09, 2018  1,209.60  1,223.88  1,223.97  1,206.52  -1.14%
Nov 08, 2018  1,223.54  1,225.99  1,227.05  1,219.63  -0.21%
Nov 07, 2018  1,226.11  1,227.24  1,236.23  1,223.31  -0.06%
Nov 06, 2018  1,226.80  1,231.66  1,236.31  1,223.41  -0.37%
Nov 05, 2018  1,231.30  1,233.36  1,235.46  1,226.88  -0.23%
Nov 04, 2018  1,234.17  1,233.19  1,234.26  1,232.70  0.10%
Nov 02, 2018  1,232.89  1,234.04  1,236.79  1,229.85  -0.03%
Nov 01, 2018  1,233.23  1,215.20  1,237.83  1,214.84  1.54%
Oct 31, 2018  1,214.54  1,223.00  1,223.70  1,211.92  -0.73%
Oct 30, 2018  1,223.44  1,230.17  1,231.45  1,220.22  -0.51%
Oct 29, 2018  1,229.74  1,234.15  1,235.79  1,224.45  -0.25%
Oct 28, 2018  1,232.88  1,234.53  1,234.90  1,232.87  -0.06%
Oct 26, 2018  1,233.59  1,232.24  1,243.73  1,229.80  0.11%
Oct 25, 2018  1,232.23  1,234.59  1,239.85  1,228.08  -0.16%
Oct 24, 2018  1,234.22  1,231.06  1,234.27  1,225.74  0.30%
Oct 23, 2018  1,230.48  1,222.32  1,240.00  1,221.71  0.68%
Oct 22, 2018  1,222.17  1,228.61  1,230.18  1,220.30  -0.42%
Oct 21, 2018  1,227.35  1,227.38  1,228.26  1,226.67  0.08%
Oct 19, 2018  1,226.32  1,225.65  1,231.08  1,223.04  0.05%
Oct 18, 2018  1,225.75  1,222.35  1,230.85  1,218.78  0.25%
